0.000000000000000000e+00 0.000000000000000000e+00 1.000000000000000000e+01 2.489276885986328125e+02 2.535921478271484375e+02
1.000000000000000000e+01 0.000000000000000000e+00 1.000000000000000000e+01 2.473502349853515625e+02 2.222713775634765625e+02
2.000000000000000000e+01 0.000000000000000000e+00 1.000000000000000000e+01 2.463486022949218750e+02 1.903899688720703125e+02
3.000000000000000000e+01 0.000000000000000000e+00 1.000000000000000000e+01 2.453538970947265625e+02 1.582764739990234375e+02
4.000000000000000000e+01 0.000000000000000000e+00 1.000000000000000000e+01 2.448914947509765625e+02 1.261816635131835938e+02
5.000000000000000000e+01 0.000000000000000000e+00 1.000000000000000000e+01 2.444052734375000000e+02 9.413685607910156250e+01
0.000000000000000000e+00 1.000000000000000000e+01 1.000000000000000000e+01 2.775958557128906250e+02 2.550928192138671875e+02
1.000000000000000000e+01 1.000000000000000000e+01 1.000000000000000000e+01 2.769280700683593750e+02 2.234059906005859375e+02
2.000000000000000000e+01 1.000000000000000000e+01 1.000000000000000000e+01 2.758600463867187500e+02 1.905216369628906250e+02
3.000000000000000000e+01 1.000000000000000000e+01 2.000000000000000000e+01 2.752500610351562500e+02 1.580494842529296875e+02
4.000000000000000000e+01 1.000000000000000000e+01 2.000000000000000000e+01 2.747053527832031250e+02 1.248743209838867188e+02
5.000000000000000000e+01 1.000000000000000000e+01 2.000000000000000000e+01 2.743947143554687500e+02 9.221057128906250000e+01
0.000000000000000000e+00 2.000000000000000000e+01 2.000000000000000000e+01 3.084920654296875000e+02 2.565159301757812500e+02
1.000000000000000000e+01 2.000000000000000000e+01 2.000000000000000000e+01 3.075676574707031250e+02 2.242593841552734375e+02
2.000000000000000000e+01 2.000000000000000000e+01 2.000000000000000000e+01 3.070833129882812500e+02 1.910642700195312500e+02
3.000000000000000000e+01 2.000000000000000000e+01 2.000000000000000000e+01 3.065480041503906250e+02 1.576489257812500000e+02
4.000000000000000000e+01 2.000000000000000000e+01 2.000000000000000000e+01 3.060591430664062500e+02 1.239640274047851562e+02
5.000000000000000000e+01 2.000000000000000000e+01 2.000000000000000000e+01 3.055009765625000000e+02 9.031719970703125000e+01
0.000000000000000000e+00 3.000000000000000000e+01 3.000000000000000000e+01 3.400106811523437500e+02 2.582422180175781250e+02
1.000000000000000000e+01 3.000000000000000000e+01 3.000000000000000000e+01 3.395539550781250000e+02 2.254020538330078125e+02
2.000000000000000000e+01 3.000000000000000000e+01 3.000000000000000000e+01 3.392640686035156250e+02 1.915607604980468750e+02
3.000000000000000000e+01 3.000000000000000000e+01 3.000000000000000000e+01 3.388918457031250000e+02 1.573981475830078125e+02
4.000000000000000000e+01 3.000000000000000000e+01 3.000000000000000000e+01 3.386231384277343750e+02 1.230861053466796875e+02
5.000000000000000000e+01 3.000000000000000000e+01 3.000000000000000000e+01 3.383092041015625000e+02 8.879297637939453125e+01
0.000000000000000000e+00 4.000000000000000000e+01 3.000000000000000000e+01 3.726836853027343750e+02 2.599101562500000000e+02
1.000000000000000000e+01 4.000000000000000000e+01 3.000000000000000000e+01 3.727061157226562500e+02 2.263222808837890625e+02
2.000000000000000000e+01 4.000000000000000000e+01 3.000000000000000000e+01 3.725782775878906250e+02 1.920516967773437500e+02
3.000000000000000000e+01 4.000000000000000000e+01 4.000000000000000000e+01 3.723857116699218750e+02 1.574167480468750000e+02
4.000000000000000000e+01 4.000000000000000000e+01 4.000000000000000000e+01 3.722494201660156250e+02 1.222863922119140625e+02
5.000000000000000000e+01 4.000000000000000000e+01 4.000000000000000000e+01 3.717219543457031250e+02 8.787479400634765625e+01
0.000000000000000000e+00 5.000000000000000000e+01 4.000000000000000000e+01 4.062218017578125000e+02 2.617013854980468750e+02
1.000000000000000000e+01 5.000000000000000000e+01 4.000000000000000000e+01 4.065946350097656250e+02 2.276481628417968750e+02
2.000000000000000000e+01 5.000000000000000000e+01 4.000000000000000000e+01 4.067675476074218750e+02 1.925224456787109375e+02
3.000000000000000000e+01 5.000000000000000000e+01 4.000000000000000000e+01 4.068010253906250000e+02 1.574967193603515625e+02
4.000000000000000000e+01 5.000000000000000000e+01 4.000000000000000000e+01 4.066689147949218750e+02 1.221429901123046875e+02
5.000000000000000000e+01 5.000000000000000000e+01 4.000000000000000000e+01 4.064543457031250000e+02 8.671136474609375000e+01
0.000000000000000000e+00 6.000000000000000000e+01 5.000000000000000000e+01 4.405024719238281250e+02 2.632328491210937500e+02
1.000000000000000000e+01 6.000000000000000000e+01 5.000000000000000000e+01 4.412503356933593750e+02 2.286327362060546875e+02
2.000000000000000000e+01 6.000000000000000000e+01 5.000000000000000000e+01 4.417126770019531250e+02 1.936206207275390625e+02
3.000000000000000000e+01 6.000000000000000000e+01 5.000000000000000000e+01 4.421132202148437500e+02 1.578860321044921875e+02
4.000000000000000000e+01 6.000000000000000000e+01 5.000000000000000000e+01 4.420968627929687500e+02 1.220850601196289062e+02
5.000000000000000000e+01 6.000000000000000000e+01 5.000000000000000000e+01 4.416365356445312500e+02 8.624668884277343750e+01
0.000000000000000000e+00 7.000000000000000000e+01 5.000000000000000000e+01 4.753218383789062500e+02 2.646246032714843750e+02
1.000000000000000000e+01 7.000000000000000000e+01 5.000000000000000000e+01 4.766913757324218750e+02 2.300038146972656250e+02
2.000000000000000000e+01 7.000000000000000000e+01 5.000000000000000000e+01 4.774079895019531250e+02 1.943342590332031250e+02
3.000000000000000000e+01 7.000000000000000000e+01 6.000000000000000000e+01 4.779145812988281250e+02 1.583222503662109375e+02
4.000000000000000000e+01 7.000000000000000000e+01 6.000000000000000000e+01 4.780111389160156250e+02 1.222382583618164062e+02
5.000000000000000000e+01 7.000000000000000000e+01 6.000000000000000000e+01 4.776233215332031250e+02 8.622187805175781250e+01
0.000000000000000000e+00 8.000000000000000000e+01 6.000000000000000000e+01 5.103648986816406250e+02 2.662024841308593750e+02
1.000000000000000000e+01 8.000000000000000000e+01 6.000000000000000000e+01 5.119177246093750000e+02 2.315777587890625000e+02
2.000000000000000000e+01 8.000000000000000000e+01 6.000000000000000000e+01 5.130758056640625000e+02 1.956253967285156250e+02
3.000000000000000000e+01 8.000000000000000000e+01 6.000000000000000000e+01 5.138869628906250000e+02 1.593725738525390625e+02
4.000000000000000000e+01 8.000000000000000000e+01 6.000000000000000000e+01 5.142729492187500000e+02 1.227826538085937500e+02
5.000000000000000000e+01 8.000000000000000000e+01 6.000000000000000000e+01 5.137677612304687500e+02 8.652922821044921875e+01
